111111111111111111111111111111111111111111111111111111111111
111111111111111111111111111111111111111111111111111111111111
111111111111111111111111111111110111111111111111111111111111
111111111111111111111111111111110111111111111111111111111111
111111111111111111111111111111110111111111111111111111111111
111111111111111111111111111111110111111111111111111111111111
111111111111111111111111111111110111111111111111111111111111
111111111111111111111111111111110111111111111111111111111111
111111111111111111111111111111110111111111111111111111111111
111111111111111111111111111111110111111111111111111111111111
111111111111111111111111111111110111111111111111111111111111
111111111111111111111111111111110111111111111111111111111111
111111111111111111111111111111100111111111111111111111111111
111111111111111000000000000000001111111111111111111111111111
111111111000000001111111111111111111111111111111111111111111
111111000011111111111111111111111111111111111111111111111111
000000011111111111111111111111111111111111111111111111111111
111111111111111111111111111111111111111111111111111111111111
111111111111111111111111111111111111111111111111111111111111
111111111111111111111111111111111111111111111111111111111111
111111111111111111111111111111111111111111111111111111111111
111111111111111111111111111111111111111111111111111111111111
111111111111111111111111111111111111111111111111111111111111
111111111111111111111111111111111111111111111111111111111111
111111111111111111111111111111111111111111111111111111111111
111111111111111111111111111111111111111111111111111111111111
111111111111111111111111111111111111111111111111111111111111
111111111111111111111111111111111111111111111111111111111111
111111111111111111111111111111111111111111111111111111111111
111111111111111111111111111111111111111111111111111111111111
111111111111111111111111111111111111111111111111111111111111
111111111111111111111111111111111111111111111111111111111111
111111111111111111111111111111111111111111111111111111111111
111111111111111111111111111111111111111111111111111111111111
111111111111111111111111111111111111111111111111111111111111
111111111111111111111111111111111111111111111111111111111111
111111111111111111111111111111111111111111111111111111111111
111111111111111111111111111111111111111111111111111111111111
111111111111111111111111111111111111111111111111111111111111
111111111111111111111111111111111111111111111111111111111111
111111111111111111111111111111111111111111111111111111111111
111111111111111111111111111111111111111111111111111111111111
111111111111111111111111111111111111111111111111111111111111
111111111111111111111111111111111111111111111111111111111111
111111111111111111111111111111111111111111111111111111111111
111111111111111111111111111111111111111111111111111111111111
111111111111111111111111111111111111111111111111111111111111
111111111111111111111111111111111111111111111111111111111111
111111111111111111111111111111111111111111111111111111111111
111111111111111111111111111111111111111111111111111111111111
