00000000000000000000000000000000000000000000000000
00000000000000000000000000000000000000000000000000
00000000000000000000000000000000777000000000000000
00000000000000000000000000000000777000000000000000
00000000000000000000000000000000777000000000000000
00000000000000000000000000000000777000000000000000
00000000000000000000000000000000777000000000000000
00000000000000000000000000000000777000000000000000
00000000000000000000000000000000777000000000000000
00000000000000000000000000000000777000000000000000
00000000000000000000000000000000777000000000000000
00000000000000000000000000000000777000000000000000
00000000000000000000000000000007777000000000000000
00000000000000077777777777777777700000000000000000
00000000077777777777777777777777700000000000000000
00000077777777777700000000000000000000000000000000
77777777777000000000000000000000000000000000000000
77777777000000000000000000000000000000000000000000
00000000000000000000000000000000000000000000000000
00000000000000000000000000000000000000000000000000
00000000000000000000000000000000000000000000000000
00000000000000000000000000000000000000000000000000
00000000000000000000000000000000000000000000000000
00000000000000000000000000000000000000000000000000
77777777777777777707777777777777777777777777777777
00000000000000000000000000000000000000000000000000
00000000000000000000000000000000000000000000000000
70777777777777777777777777777777777777777777777777
00007000077777000000000700070000000000000000000000
00000000000007000007000000070000000000000000000000
77077777777077000007707777770000000000000000000000
70000000700007000007000700000000000000000000000000
77777770777777770777077700000000000000000000000000
00000000700000000007000700000000000000000000000000
00000000700007000007000700000000000000000000000000
00000000000007000007000700000000000000000000000000
77777777777777777777700700000000000000000000000000
00000000000000000000007700000000000000000000000000
00000000000000000000777000000000000000000000000000
00000000000000777777700000000000000000000000000000
00000000000000000000000000000000000000000000000000
00000000000000000000777777777777777777777707777777
00000000000000000000700000000000000000000000000000
00000000000000000000700000000000000000000000000000
00000000000000000000700000000000000000000000000000
00000000000000000000700000000000000000000000000000
00000000000000000000700000000000000000000000000000
00000000000000000000700000000000000000000000000000
00000000000000000000700000000000000000000000000000
00000000000000000000700000000000000000000000000000
