00000000000000000000000000000000000000000000000000
00000000000000000000000000000000000000000000000000
00000000000000000000000000000000777000000000000000
00000000000000000000000000000000777000000000000000
00000000000000000000000000000000777000000000000000
00000000000000000000000000000000777000000000000000
00000000000000000000000000000000777000000000000000
00000000000000000000000000000000777000000000000000
00000000000000000000000000000000777000000000000000
00000000000000000000000000000000777000000000000000
00000000000000000000000000000000777000000000000000
00000000000000000000000000000000777000000000000000
00000000000000000000000000000007777000000000000000
00000000000000077777777777777777700000000000000000
00000000077777777777777777777777700000000000000000
00000077777777777700000000000000000000000000000000
77777777777000000000000000000000000000000000000000
77777777000000000000000000000000000000000000000000
00000000000000000000000000000000000000000000000000
00000000000000000000000000000000000000000000000000
00000000000000000000000000000000000000000000000000
00000000000000000000000000000000000000000000000000
00000000000000000000000000000000000000000000000000
00000000000000000000000000000000000000000000000000
77777777777777777707777777777777777777777777777777
00000000000000000000000000000000000000000000000000
00000000000000000000000000000000000000000000000000
70777777777777777777777777777777777777777777777777
00000000000000000000000000000000000000000000000000
00000000000000000000000000000000000000000000000000
00000000000000000000000000000000000000000000000000
00000000000000000000000000000000000000000000000000
00000000000000000000000000000000000000000000000000
00000000000000000000000000000000000000000000000000
00000000000000000000000000000000000000000000000000
00000000000000000000000000000000000000000000000000
77777777777777777777700000000000000000000000000000
00000000000000000000000000000000000000000000000000
00000000000000000000000000000000000000000000000000
00000000000000000000000000000000000000000000000000
00000000000000000000000000000000000000000000000000
00000000000000000000777777777777777777777707777777
00000000000000000000700000000000000000000000000000
00000000000000000000700000000000000000000000000000
00000000000000000000700000000000000000000000000000
00000000000000000000700000000000000000000000000000
00000000000000000000700000000000000000000000000000
00000000000000000000700000000000000000000000000000
00000000000000000000700000000000000000000000000000
00000000000000000000700000000000000000000000000000
